100
9999	2.60924	8.86249	9.37811	0.100407	5.31515	0.929701	5.82226	4.075	1.12951	7.3946	3.09054	6.9209	4.07166	7.67822	3.45645	6.07855	4.06377	0.71137	9.51081	0.601749	8.34081	6.32542	1.33235	6.16327	7.63085	3.77316	2.76441	1.74715	7.9667	1.72347	2.03259	4.86026	5.29966	1.22941	4.37775	9.40422	3.97905	6.21398	1.84371	2.93112	6.01994	2.1829	8.53484	6.3898	2.56885	7.94817	6.18847	4.82504	3.94443	1.67336	8.07996	0.684344	0.356999	5.13143	6.4979	8.45863	9.09358	8.07784	1.86345	3.39329	0.757829	6.68313	8.07996	1.21119	9.61709	7.08032	3.33195	2.97727	1.73531	9.26545	9.48074	1.9418	4.94681	1.51151	0.611162	5.40412	4.70418	0.432611	2.99003	9.72185	0.39526	7.65757	7.38337	0.915429	4.77463	7.79877	6.241	8.53849	2.99519	8.0329	5.55747	6.66521	2.13948	5.17	5.50129	8.06691	8.63566	9.87945	8.58495	
2.60924	9999	6.12531	4.75672	4.00364	9.66081	1.10947	0.390098	0.427145	6.61693	4.16033	2.42492	1.82792	5.96103	6.85743	7.79058	7.87985	2.45832	8.72068	1.80211	6.53616	6.52098	0.964621	8.14069	9.41272	8.96118	8.80601	2.96999	7.1954	6.55256	1.09884	8.17835	4.59578	7.86588	8.39546	7.08912	0.828278	3.52325	9.45432	7.57893	5.48155	9.38479	6.89751	5.40139	5.50949	7.61233	1.2862	3.50169	3.06169	3.57791	5.71841	9.27274	0.0830989	3.65717	9.21504	6.3324	9.59583	2.52543	1.15046	1.88137	9.39967	3.89949	4.79619	6.91634	7.65332	4.14181	3.37659	0.602052	6.71836	2.46895	5.21221	4.73971	4.88031	6.98345	1.99646	1.22759	1.43195	0.765117	7.08153	7.49967	5.43023	6.40134	7.4192	3.04195	3.65899	4.23078	6.08492	2.07176	7.51637	1.88744	8.92596	5.28023	5.00268	0.469657	2.91442	6.31965	7.18083	5.66435	8.60104	4.8384	
8.86249	6.12531	9999	5.33246	8.25912	5.48793	2.74832	8.28493	2.76714	1.78116	5.17182	5.98107	8.40306	7.53216	2.75317	8.86553	1.92297	3.52568	6.54011	9.1622	5.18336	3.2369	2.65874	3.66203	8.06964	1.7016	7.44532	3.70454	9.45159	8.12733	0.7056	2.81087	6.07156	5.84139	7.31474	6.75935	3.06503	6.55225	5.32881	7.01078	5.3777	2.71673	0.473908	2.27096	4.06863	4.89488	4.8794	8.80328	6.32451	7.68278	1.2197	5.0704	3.76709	1.45108	8.24151	0.0761147	7.48054	2.83941	0.47907	1.8343	4.54324	2.32441	7.09186	5.68197	4.28696	0.81431	3.32011	7.71709	9.17071	3.74341	9.0538	3.87823	8.84093	5.3109	7.99949	9.79655	1.41707	0.49395	2.44435	2.23392	1.27192	7.72711	6.1578	6.29232	7.49572	0.573812	1.86619	0.356088	1.76446	9.89342	4.15821	2.25183	9.50564	6.26378	5.49218	8.58647	4.52077	3.2779	5.86872	1.50331	
9.37811	4.75672	5.33246	9999	9.3693	1.41707	3.34318	3.26241	2.51936	4.16367	6.63515	4.83111	4.46399	4.67048	6.71198	7.602	3.5688	5.48793	8.40397	4.4154	4.29364	9.47011	9.17891	9.65504	7.80272	4.55843	6.2322	4.39536	8.60894	9.92014	8.57098	5.87145	6.31844	7.13255	5.89635	7.84615	6.66613	2.9964	0.316916	1.14257	0.961585	7.8671	2.94296	9.97874	7.5853	6.93244	1.89503	5.10744	5.45361	6.83709	2.78141	7.50726	2.29647	6.22066	8.87191	4.82868	7.96123	2.4237	2.22329	4.28362	6.33544	2.33473	1.93906	3.38873	4.56177	0.370057	2.11367	3.25178	4.37714	1.0208	4.94316	5.00359	4.10233	9.15522	1.30745	4.6228	5.46819	5.80556	4.8548	6.35427	4.45063	1.78754	1.83734	0.314487	9.9505	7.77387	2.33746	4.08958	9.7923	3.21959	5.37861	4.4646	7.47781	1.46718	3.85789	8.54578	9.36839	4.87575	1.0041	0.607822	
0.100407	4.00364	8.25912	9.3693	9999	6.12895	6.99772	5.0871	3.98421	7.2115	4.80439	3.93684	4.52624	3.06169	8.83243	5.40017	4.60185	3.37082	4.29546	5.99231	3.96447	6.16266	0.29566	3.71668	7.30411	6.23402	0.768154	6.86776	4.0668	7.18994	4.44395	5.5356	0.452652	6.29171	6.77635	6.87474	9.38114	5.9091	1.65119	1.36393	8.67848	0.895387	5.58388	0.912088	2.13189	5.62427	2.7225	6.08978	4.61339	0.36034	2.50873	3.53904	6.31297	9.95172	8.81968	0.0976745	5.94311	5.46121	2.88435	5.63429	8.74741	0.936381	7.45807	0.979197	9.5266	6.07156	6.1906	1.95546	5.76729	7.967	4.573	7.13649	1.38428	0.946402	6.40407	9.98937	6.36247	8.77686	3.10329	2.32957	2.75743	8.80237	8.51754	0.495164	1.74624	0.845891	7.69462	1.26767	2.98244	1.03386	1.52487	8.39455	0.843461	4.39293	5.77003	6.89478	8.03745	4.83294	7.27982	6.10071	
5.31515	9.66081	5.48793	1.41707	6.12895	9999	2.34232	6.91118	4.57149	8.71643	5.75515	8.54304	6.21823	6.9461	2.81937	8.44982	4.76917	2.27461	6.90693	7.56435	8.60408	0.701653	1.13042	8.43616	0.188469	9.86305	2.95237	1.74806	2.6393	9.73916	9.02283	3.69604	3.65777	2.98578	9.61071	3.98724	8.29738	7.13741	8.26277	7.61324	9.42305	5.16332	7.19905	0.298697	8.02136	5.18457	3.5351	0.885063	1.58105	6.92818	6.58991	0.701045	3.04226	5.82195	1.96093	2.92292	8.53606	1.46687	1.98826	1.78602	6.26864	2.08087	8.78142	5.19308	4.46672	1.60504	9.5269	0.282299	1.58894	0.666124	9.36292	5.30391	6.07004	8.28584	2.62776	7.86406	8.90075	5.98046	7.17141	2.53636	6.36824	0.191505	2.8382	7.50331	6.0998	5.39379	8.26307	4.56875	4.28847	4.21226	7.73015	0.615717	6.54618	5.50797	2.04534	5.59269	0.658533	7.95364	4.62007	5.70079	
0.929701	1.10947	2.74832	3.34318	6.99772	2.34232	9999	3.44248	9.96174	7.9582	5.47578	0.422893	2.84002	0.459029	8.47472	9.98603	8.4319	8.96877	0.31722	1.17566	8.56551	8.18958	2.79629	6.23493	6.67797	0.740825	4.09595	7.81487	9.23053	9.47224	2.99094	1.64755	8.08027	7.22182	1.91386	3.66324	0.18027	3.23022	7.66243	4.33797	6.37097	2.94326	3.98239	7.40948	6.2322	0.714406	4.55235	6.49911	9.46131	0.747809	1.35239	6.91695	1.64785	6.88537	6.49274	5.89908	4.80834	6.42988	2.48869	8.70095	0.500327	8.01377	9.00157	3.74128	5.63126	9.44552	1.43742	4.07682	8.98365	5.30148	8.8218	8.7471	8.81573	9.693	6.9382	1.22395	8.81543	4.9711	3.80535	7.65393	3.81416	0.760259	3.12759	3.77165	1.58621	4.6222	3.99089	1.6351	2.69335	9.14398	1.04145	5.55018	4.60033	5.70838	4.12328	9.1373	1.76901	0.381899	1.80424	1.51303	
5.82226	0.390098	8.28493	3.26241	5.0871	6.91118	3.44248	9999	8.15922	2.38241	7.1699	5.28448	4.18948	0.36034	0.867754	4.87848	3.74158	6.40953	9.27729	6.80672	3.96022	3.93562	3.44005	0.837692	3.47619	8.65145	5.87418	3.97874	1.06392	9.17708	1.36029	5.98259	1.15623	6.46541	8.96847	8.23695	7.87439	8.07693	0.966747	4.60307	4.15213	7.47659	5.98411	6.50701	7.06088	3.38023	2.45771	0.651852	6.86168	9.71638	9.39784	1.35513	0.291105	1.7842	0.396779	6.27957	5.21099	7.87833	8.11337	7.60777	8.42492	3.4027	5.36191	6.73657	2.44314	5.79736	9.63409	5.4354	3.30098	7.40462	7.13832	1.14499	6.20517	5.29207	3.87732	9.11301	9.92135	3.96568	8.80571	9.69057	6.97464	1.23123	7.83248	2.69062	0.923627	2.29526	2.36662	7.42861	7.48358	2.7137	2.01346	1.29106	1.25371	5.17425	5.32334	3.61587	3.63439	0.772405	7.45412	9.16919	
4.075	0.427145	2.76714	2.51936	3.98421	4.57149	9.96174	8.15922	9999	5.02697	9.61951	8.94236	7.85434	6.46025	1.9922	4.74821	3.89281	3.08477	3.80991	7.36849	2.45711	5.62731	8.65024	3.58338	6.34577	1.84645	0.0879574	8.07936	0.633937	3.8339	5.07313	4.0668	7.69219	3.60251	4.52503	3.78319	1.44319	2.70094	9.91346	9.04803	2.0669	7.95334	2.6557	5.26413	0.712888	9.80687	5.29389	7.83187	5.58085	4.54051	1.18569	5.81618	8.1829	7.16595	1.52305	0.937292	1.94453	6.82312	6.26226	6.62483	1.2118	0.551949	8.52634	6.20122	3.76375	7.49603	7.96731	3.59127	4.10749	0.413176	3.54755	6.42138	0.649423	4.80439	0.877471	5.24956	4.52138	4.0337	4.56997	7.69857	3.10117	0.249504	0.895387	2.17804	5.41535	8.78476	0.704385	9.4686	3.05501	7.48904	8.59618	7.30502	3.64532	6.72504	8.19778	5.63034	0.353052	2.78233	8.64355	7.90809	
1.12951	6.61693	1.78116	4.16367	7.2115	8.71643	7.9582	2.38241	5.02697	9999	4.61491	0.339995	3.30674	6.81583	5.58085	6.02875	5.2784	8.40579	3.34592	9.57761	0.697098	4.20527	9.32223	3.84695	4.32188	4.74518	1.61931	0.526441	8.70429	4.23594	7.3861	3.25452	1.39764	9.78228	1.48509	4.38929	0.766332	4.85358	2.3985	6.98406	6.22582	0.304163	4.98932	8.84792	2.52786	2.85824	1.66516	9.94716	3.48135	4.60003	0.220656	9.87398	6.05699	2.49446	1.353	6.89174	9.42639	2.21934	3.32709	5.08224	9.68571	5.38499	6.73931	1.30259	5.40564	4.07925	7.24885	8.22936	4.36682	1.70646	8.93082	5.59542	6.91573	4.46278	6.32117	5.25229	6.05243	2.41216	7.60109	2.75439	9.53935	3.91163	7.19723	1.10613	4.73576	3.04499	0.145349	8.71552	0.800342	3.51354	6.18817	8.14191	9.26788	8.49719	6.90814	6.64001	8.08755	0.430789	2.67088	5.87752	
7.3946	4.16033	5.17182	6.63515	4.80439	5.75515	5.47578	7.1699	9.61951	4.61491	9999	8.8379	9.2615	3.12273	1.83552	3.54481	4.57634	8.76836	1.51667	0.37613	8.67726	6.32755	8.26975	4.23503	6.7803	5.5438	2.15679	2.27461	1.67124	0.843765	6.47361	9.36596	7.90111	4.91857	8.14312	4.67382	4.4895	7.77843	2.19626	3.44066	9.38205	8.35417	7.66608	5.57174	6.0749	2.03957	6.6971	5.42477	5.04944	1.60595	2.45407	3.40027	0.288069	4.72666	8.33382	4.7306	4.00607	5.44633	4.85632	5.76942	9.42365	2.63414	5.09499	2.92292	5.01665	3.25209	6.32208	4.63252	9.46526	3.3283	8.52543	1.9421	1.98856	4.16671	6.82433	7.41768	5.84048	6.88871	9.09479	8.49567	0.646994	3.02647	5.72478	4.72969	0.96614	3.77286	2.51237	4.86816	6.60114	6.20699	3.83359	3.97024	2.8382	8.74528	7.33205	5.55322	4.7057	3.98998	6.71441	9.47619	
3.09054	2.42492	5.98107	4.83111	3.93684	8.54304	0.422893	5.28448	8.94236	0.339995	8.8379	9999	5.01301	1.52761	4.20375	0.699223	9.31828	8.8464	9.33074	8.87798	7.63784	3.01948	5.7181	5.2778	6.34516	0.438987	1.83734	5.47487	9.86882	8.48231	8.09393	5.01938	5.98745	6.19636	6.46632	7.08214	3.53753	6.54679	3.81021	8.0663	7.17506	9.00005	6.20305	1.19206	7.8586	4.4397	5.43205	3.34804	3.04803	0.39526	4.06164	6.00961	5.88177	9.67387	1.0293	4.7722	7.58075	0.220353	4.0003	8.30072	1.58834	8.01316	0.390402	2.13523	3.84878	2.85126	3.03011	6.96493	8.58009	7.3527	2.87889	7.80242	2.99155	9.26727	4.46976	3.12303	0.212458	8.21813	6.33392	0.154762	4.91735	5.63551	2.59254	6.37522	0.2741	0.384936	7.26433	2.60802	0.0512146	7.81487	8.31925	7.47659	5.75424	5.51647	2.28736	9.64745	2.17926	2.62624	6.49972	6.98315	
6.9209	1.82792	8.40306	4.46399	4.52624	6.21823	2.84002	4.18948	7.85434	3.30674	9.2615	5.01301	9999	0.409229	6.61693	0.760562	8.63141	2.93415	4.79407	3.99453	0.365502	9.37203	3.10997	8.80662	7.81548	7.12617	0.704082	9.34744	9.14156	5.7515	2.47988	4.63252	0.945491	9.61648	7.83309	3.74827	8.77686	7.53095	8.18473	4.64406	7.71648	3.28458	1.09307	2.79751	2.10577	6.5562	3.83724	1.45169	1.05208	8.14221	4.60064	0.106481	9.42153	8.21965	3.30432	2.62078	9.75586	2.18503	0.606607	1.69705	5.07981	2.73708	7.52639	1.01655	8.47351	2.74498	3.85272	1.94058	9.58004	7.3196	7.35361	6.09251	2.93233	9.78076	2.84032	0.544964	8.75712	0.135936	2.55276	6.77119	1.99463	0.165087	6.82342	0.882633	8.54638	4.77403	7.13224	5.2204	5.88056	2.81573	9.46586	9.56304	6.41621	6.79032	1.18447	2.12278	0.610555	5.91852	8.47017	7.39764	
4.07166	5.96103	7.53216	4.67048	3.06169	6.9461	0.459029	0.36034	6.46025	6.81583	3.12273	1.52761	0.409229	9999	8.82028	0.856822	8.34961	3.08841	8.41581	4.69507	1.57407	1.2121	5.11473	9.30158	0.394957	6.41196	5.06706	0.66491	8.66663	7.24885	7.40159	2.3903	7.01716	2.02287	2.62533	2.15102	0.620272	5.96376	7.03204	8.90561	3.00734	1.53064	9.05592	6.12804	3.49714	7.5188	6.98527	9.06564	0.642439	9.81143	4.01579	1.21514	9.96721	9.06655	0.762688	7.79027	8.98821	7.79088	0.457814	1.76325	6.40103	3.02799	7.2528	9.7094	9.37446	6.11984	3.0043	3.58429	6.17754	6.51642	2.36206	5.36404	6.73991	0.593246	2.38757	0.626345	9.61405	2.45225	6.11832	8.40427	7.59411	8.41368	5.96285	2.89073	9.91012	1.32446	6.8386	4.47583	4.19738	6.19697	4.78556	5.84351	5.31515	4.69325	0.970087	0.856822	4.76158	8.52482	6.61207	0.870183	
7.67822	6.85743	2.75317	6.71198	8.83243	2.81937	8.47472	0.867754	1.9922	5.58085	1.83552	4.20375	6.61693	8.82028	9999	7.56131	9.73703	9.29733	7.68278	0.218531	8.43737	5.46364	6.87747	6.76755	5.0953	9.81689	0.517028	6.85804	8.72159	7.16534	3.63166	2.26034	7.75201	6.18483	3.5685	5.73116	4.69416	1.39764	5.64917	9.76466	1.66516	2.87889	4.9963	7.67913	8.02622	9.62225	7.97459	5.16241	6.98983	6.48211	2.81391	5.17334	2.16225	9.87186	2.8549	3.82175	1.29197	3.33347	2.28524	9.97996	8.43464	7.0624	7.60868	6.84255	1.2115	3.09843	4.61369	7.48995	4.16883	0.0715598	4.18553	3.27213	6.06367	8.95845	6.82555	6.81856	1.23488	4.78891	9.32314	8.38939	2.38726	3.96599	2.8965	7.57498	6.44203	3.77924	6.64487	8.70854	9.53662	3.32496	6.0251	2.69852	3.07566	1.67245	9.35381	2.74862	7.11524	3.43216	2.49324	7.41586	
3.45645	7.79058	8.86553	7.602	5.40017	8.44982	9.98603	4.87848	4.74821	6.02875	3.54481	0.699223	0.760562	0.856822	7.56131	9999	3.33073	7.16534	4.76856	8.22785	2.95541	6.79306	6.27926	4.86421	2.48565	1.34511	9.55362	5.8177	2.84032	3.40392	5.45574	7.38701	3.97297	1.78329	6.79306	8.52543	1.37061	8.10334	9.33863	4.64376	5.8918	3.4938	3.7097	7.93815	3.92348	4.64193	7.32507	7.4936	8.6642	5.71476	1.07455	6.28837	0.107392	5.42203	8.57766	8.54304	4.03705	5.10441	3.66385	4.98993	8.10911	8.00435	3.35108	8.61531	5.12597	5.11048	2.10699	9.33893	0.884455	7.5847	5.16392	9.63865	8.05203	1.70464	5.73025	9.58642	2.74498	5.73966	4.66198	3.79989	4.57543	5.187	6.99165	8.02864	8.08391	5.48914	4.32704	8.72281	5.92034	8.50934	6.86381	2.56582	0.850749	2.6308	4.67989	9.35806	8.14404	1.61749	1.65484	6.3318	
6.07855	7.87985	1.92297	3.5688	4.60185	4.76917	8.4319	3.74158	3.89281	5.2784	4.57634	9.31828	8.63141	8.34961	9.73703	3.33073	9999	5.11746	3.19014	1.67579	5.59725	8.49992	1.96214	0.929701	3.88734	7.53702	7.29075	5.24379	6.40437	3.1452	1.67822	6.86836	3.18953	0.447794	9.19287	9.3198	0.315094	5.99048	0.582011	4.82291	4.22288	6.32238	3.5521	2.92444	1.80485	9.09449	5.59026	4.86603	3.70363	3.95597	7.84584	2.38453	4.37684	4.00243	6.50397	4.98446	6.00172	5.15451	1.46566	5.19611	9.51779	4.32734	7.76446	5.26444	0.479981	3.31069	0.385543	4.83385	2.17258	9.87611	6.72504	3.42274	4.7549	2.82818	8.69123	6.80338	2.08846	1.86801	7.99464	1.53034	4.7224	9.98664	6.18149	6.13594	1.97672	9.04955	4.19677	4.03067	0.307199	5.15239	1.89078	5.93036	1.44349	5.89908	2.75135	7.05025	7.6764	5.78278	4.27633	7.28377	
4.06377	2.45832	3.52568	5.48793	3.37082	2.27461	8.96877	6.40953	3.08477	8.40579	8.76836	8.8464	2.93415	3.08841	9.29733	7.16534	5.11746	9999	7.34086	1.1286	9.1203	8.8552	7.97338	1.32172	7.57528	0.470264	0.533425	8.02864	6.32603	1.64877	1.77205	8.74285	4.28271	7.1122	8.38818	6.10496	0.387365	4.41571	0.0988891	9.93289	3.84544	4.19343	4.37745	3.461	2.3241	7.45746	1.77053	9.72215	7.82671	8.51905	2.95663	0.923931	6.42866	7.72316	6.80672	5.60484	1.23731	3.21595	1.45625	7.16382	4.60944	5.58358	6.20487	8.45741	9.78956	4.78131	7.79422	5.30573	6.95248	2.84822	7.78906	4.7968	4.16489	2.01893	4.75702	0.387365	8.79812	2.02834	8.57432	9.83542	9.50412	5.67589	0.100104	8.36085	3.84179	6.84073	3.20107	2.37724	2.21418	9.76679	3.26575	6.53434	3.45038	4.05709	8.5391	0.261043	2.04595	3.89706	8.32107	4.66198	
0.71137	8.72068	6.54011	8.40397	4.29546	6.90693	0.31722	9.27729	3.80991	3.34592	1.51667	9.33074	4.79407	8.41581	7.68278	4.76856	3.19014	7.34086	9999	2.49719	6.29748	4.95652	7.6934	1.23791	6.72595	3.0122	7.8261	1.16747	6.51642	3.21352	3.62771	9.33013	1.17597	3.94261	0.461155	3.13062	3.38236	8.11944	1.0378	4.69781	0.234321	8.41338	1.27435	9.983	8.00374	8.31074	7.9339	1.75171	4.54932	2.23604	9.9584	2.00799	2.14373	2.09848	9.52052	4.95895	1.06938	3.61557	4.89792	4.75702	7.13558	9.63409	1.353	8.88193	2.72767	3.79837	1.82064	2.64537	4.78435	1.74169	3.83359	4.43453	9.7674	3.49167	4.24171	8.02136	8.76775	4.12298	8.30315	1.31019	2.16408	5.74968	4.90156	7.10036	7.92874	8.77868	3.97419	6.87717	2.94084	5.13113	8.34718	1.67093	0.361251	1.09671	6.11347	1.33994	3.42426	2.97363	5.00845	7.26707	
9.51081	1.80211	9.1622	4.4154	5.99231	7.56435	1.17566	6.80672	7.36849	9.57761	0.37613	8.87798	3.99453	4.69507	0.218531	8.22785	1.67579	1.1286	2.49719	9999	8.84306	3.11514	5.86021	8.67544	9.14945	8.98669	6.21792	7.80971	7.95516	3.59674	0.895083	4.6307	7.40341	9.26393	0.872613	6.01903	1.70373	3.77742	7.44987	0.0955489	5.66678	0.215191	2.89164	0.442631	2.8801	9.63166	3.9092	1.34116	1.64573	8.81634	0.417124	8.50478	3.71608	0.504578	5.01088	6.32663	4.30032	9.62559	5.75727	6.22157	7.48236	3.4692	7.93512	7.22577	6.36429	7.22334	7.07607	3.48894	1.63237	4.74366	9.28974	9.12273	7.86011	5.46728	0.923324	6.18604	1.83855	6.63363	3.43944	5.17546	1.05754	2.86705	6.11256	4.3984	7.72225	1.14196	1.97824	7.74837	6.42654	4.12845	9.18801	6.66005	9.57731	9.49562	4.69568	6.16357	0.380685	8.06448	0.688899	0.81431	
0.601749	6.53616	5.18336	4.29364	3.96447	8.60408	8.56551	3.96022	2.45711	0.697098	8.67726	7.63784	0.365502	1.57407	8.43737	2.95541	5.59725	9.1203	6.29748	8.84306	9999	6.28898	8.49233	1.6354	0.320864	3.46981	1.72741	2.70641	0.693757	4.59517	2.36722	6.25163	0.737788	0.66157	0.558933	8.13432	9.46769	9.64108	1.37547	0.253452	4.95592	2.16954	5.20735	0.76117	9.10876	6.82828	6.5972	9.04894	0.0663976	6.02237	4.36621	6.46298	5.82985	4.60823	0.955512	9.2779	1.30836	1.68095	3.72913	6.32967	2.13918	8.86857	6.16236	6.74143	7.32932	4.74548	1.46627	0.294446	4.96078	8.51298	6.57199	6.12531	1.4693	3.35715	9.71669	2.35234	0.179359	2.08452	8.61349	1.86467	9.0128	5.3446	2.69943	7.17233	3.04924	5.73602	6.93395	0.104355	1.45716	7.01412	0.39769	7.70434	5.37436	2.7386	6.51703	2.10334	6.00354	2.98213	9.20684	4.08047	
8.34081	6.52098	3.2369	9.47011	6.16266	0.701653	8.18958	3.93562	5.62731	4.20527	6.32755	3.01948	9.37203	1.2121	5.46364	6.79306	8.49992	8.8552	4.95652	3.11514	6.28898	9999	8.50751	3.68905	1.26433	8.78172	2.36297	7.203	8.60195	3.80991	2.86522	8.45711	8.55063	6.61147	4.88334	5.58905	3.72731	3.31494	3.41545	9.17951	0.543446	4.50225	1.64391	9.37598	4.60064	0.565006	1.83187	4.44668	0.945795	2.27977	9.22081	0.281388	1.58925	8.95146	4.4652	4.78192	8.85308	0.208206	4.31671	6.25679	6.80277	2.755	6.8878	9.51657	8.43251	9.75616	0.915429	9.33286	2.20507	3.16251	4.50255	4.80621	4.71876	5.90698	4.30092	3.959	3.39723	6.32147	9.37355	2.69396	5.93127	0.11225	1.14408	6.8386	0.264991	2.18989	3.62255	1.81487	2.05567	5.04003	5.56384	8.30437	3.34895	4.58333	8.49932	9.0456	9.34956	0.564095	1.9506	4.53899	
6.32542	0.964621	2.65874	9.17891	0.29566	1.13042	2.79629	3.44005	8.65024	9.32223	8.26975	5.7181	3.10997	5.11473	6.87747	6.27926	1.96214	7.97338	7.6934	5.86021	8.49233	8.50751	9999	6.88081	2.86006	0.462976	2.69487	1.66091	0.501845	3.46374	1.19176	7.78997	4.40478	2.64052	6.39374	7.17263	1.18994	7.29318	8.28493	1.07819	8.70368	3.39723	5.02242	2.40731	0.959156	5.89331	6.51673	1.31413	2.56369	0.530389	1.1869	1.50939	0.949438	4.43484	4.35741	0.693454	6.32542	1.92935	3.28518	2.48838	7.16929	4.67382	6.83891	2.97211	1.92054	2.60438	4.86907	9.3362	3.95141	4.99053	5.48762	3.91437	1.47173	7.73683	5.04944	0.660051	8.24819	6.64851	9.30189	7.81335	7.68794	2.24303	0.295357	4.03796	5.77398	6.36884	7.32324	0.475426	5.35067	6.16418	7.3281	7.43681	7.78997	5.07677	2.10061	8.03047	3.79776	6.91664	7.65484	6.20548	
1.33235	8.14069	3.66203	9.65504	3.71668	8.43616	6.23493	0.837692	3.58338	3.84695	4.23503	5.2778	8.80662	9.30158	6.76755	4.86421	0.929701	1.32172	1.23791	8.67544	1.6354	3.68905	6.88081	9999	9.63257	2.96513	4.59973	2.75166	1.04813	7.21788	2.80146	6.53312	0.235839	0.777264	0.502452	4.15335	8.8716	9.57791	1.13589	5.27689	2.74862	7.30776	7.30715	7.20117	9.45068	7.00926	5.93491	5.8587	6.94276	3.37264	3.31373	6.29293	2.8385	9.80718	4.6969	0.581707	2.36844	1.54917	7.11038	5.5602	5.90971	8.89802	9.44673	8.9126	2.80115	2.68242	9.04894	5.53439	2.80388	5.10501	8.73435	2.58555	2.2825	8.36206	3.46647	5.98623	6.06427	4.83628	0.477856	6.0746	2.05506	9.7674	2.25001	5.03062	9.5688	2.08664	6.15142	4.28271	8.89286	2.6305	9.84483	4.45215	2.4064	6.46298	6.61207	5.70201	4.82049	8.42158	9.45584	1.34754	
6.16327	9.41272	8.06964	7.80272	7.30411	0.188469	6.67797	3.47619	6.34577	4.32188	6.7803	6.34516	7.81548	0.394957	5.0953	2.48565	3.88734	7.57528	6.72595	9.14945	0.320864	1.26433	2.86006	9.63257	9999	3.89736	7.77509	8.52725	2.3408	7.63298	2.24637	0.244342	5.88937	0.353052	6.54648	2.59102	5.52133	3.3031	6.16964	5.91821	5.60605	2.48717	0.994987	2.58555	8.29435	8.98699	9.6514	4.96381	5.53226	4.56268	0.129255	6.08674	3.82266	7.91902	5.65676	1.42406	4.92707	4.48737	3.26727	6.16327	9.98694	4.95622	3.13062	7.3697	0.111339	5.2535	5.67134	4.31823	0.703475	3.76132	5.89453	6.71198	3.47436	7.66699	0.452045	4.77828	2.66785	5.13113	7.70828	9.81446	8.99762	4.32491	6.59325	0.0709525	9.26241	6.57017	3.50443	9.84179	3.79867	4.68384	3.69209	7.60049	0.183914	3.10663	6.83891	0.0566805	5.79523	1.67367	2.27096	7.96518	
7.63085	8.96118	1.7016	4.55843	6.23402	9.86305	0.740825	8.65145	1.84645	4.74518	5.5438	0.438987	7.12617	6.41196	9.81689	1.34511	7.53702	0.470264	3.0122	8.98669	3.46981	8.78172	0.462976	2.96513	3.89736	9999	7.09277	9.25209	3.91103	2.31165	8.08239	9.20411	0.906926	3.91862	6.37401	2.60408	3.3529	7.22941	9.1367	1.41404	9.27972	0.974946	7.17627	7.99646	2.68607	5.18093	9.43125	2.41915	7.78815	9.15947	6.36125	3.78713	0.799431	8.55732	4.32552	8.14646	2.93628	6.19788	9.3775	8.49658	6.69285	5.63368	3.06959	8.91745	9.33954	1.45655	7.59897	9.48317	4.69143	5.22739	4.28058	3.32436	8.09454	1.62083	1.68612	2.31742	5.47851	3.00126	7.48479	3.39966	0.923931	7.47022	1.31322	1.54886	3.84695	8.70763	1.0296	1.22698	0.887188	1.94331	1.26342	2.96452	2.36874	5.0294	5.96801	6.45022	9.40756	9.1036	3.54694	6.79336	
3.77316	8.80601	7.44532	6.2322	0.768154	2.95237	4.09595	5.87418	0.0879574	1.61931	2.15679	1.83734	0.704082	5.06706	0.517028	9.55362	7.29075	0.533425	7.8261	6.21792	1.72741	2.36297	2.69487	4.59973	7.77509	7.09277	9999	1.48479	7.16352	6.75328	5.42355	9.47224	5.09135	5.93279	2.35265	5.76183	4.24748	7.56162	1.20482	4.84933	9.42457	6.65307	3.69178	6.51885	1.53003	5.27749	5.04519	5.82347	8.39	5.37466	6.87474	0.521583	4.08715	8.50053	9.21929	1.24976	9.03193	0.438684	8.20902	4.94893	1.77812	3.06959	0.901764	6.47755	4.8299	2.27157	3.81962	8.92231	5.20067	3.40695	7.13801	8.04201	2.32501	3.25998	0.414087	0.908141	3.28397	0.629989	1.75322	4.1248	9.1868	3.60069	7.39278	2.33959	1.73045	6.43352	2.56339	1.48479	3.62376	3.56334	0.352141	7.95394	2.99792	3.68753	0.674323	8.65509	4.54082	1.97732	5.23346	1.99919	
2.76441	2.96999	3.70454	4.39536	6.86776	1.74806	7.81487	3.97874	8.07936	0.526441	2.27461	5.47487	9.34744	0.66491	6.85804	5.8177	5.24379	8.02864	1.16747	7.80971	2.70641	7.203	1.66091	2.75166	8.52725	9.25209	1.48479	9999	7.4274	2.75773	0.475123	5.50949	3.63561	0.931523	4.61218	0.562577	5.66344	4.54173	1.17749	8.60013	8.19384	6.74933	4.43423	0.61511	2.16924	9.52538	9.44704	3.41029	5.52437	7.32628	2.49446	4.92464	0.185432	3.20714	3.52872	2.22845	8.23969	5.44086	7.909	3.43793	7.83066	7.44349	8.06691	8.74012	1.28012	8.53181	2.13098	0.684951	5.64917	8.65813	1.01746	8.7383	9.58186	4.79528	0.711977	9.59583	4.94984	1.72529	0.905712	6.85348	7.78784	5.19976	6.85439	1.79057	7.88927	0.270153	6.07581	9.80171	0.352748	2.17015	6.0081	3.38843	8.59922	3.43459	4.83597	5.9009	3.3945	4.1415	1.51455	7.98188	
1.74715	7.1954	9.45159	8.60894	4.0668	2.6393	9.23053	1.06392	0.633937	8.70429	1.67124	9.86882	9.14156	8.66663	8.72159	2.84032	6.40437	6.32603	6.51642	7.95516	0.693757	8.60195	0.501845	1.04813	2.3408	3.91103	7.16352	7.4274	9999	5.50767	8.66724	6.74629	0.557718	7.88289	6.6804	1.73865	5.28296	4.95318	0.876864	5.50007	8.22177	3.77985	9.62407	8.44982	6.03664	6.14323	7.51121	2.75074	0.80763	5.41809	0.640921	6.44263	3.50443	7.25735	0.645476	3.32952	1.63905	8.47472	4.70995	4.15426	0.864718	2.84093	4.29941	1.7599	6.50731	7.88987	0.513384	5.87418	5.03335	2.34688	8.96483	9.81386	0.502149	7.07789	2.25578	5.09712	6.80156	0.168427	1.80636	5.71173	0.960067	8.48322	8.39638	8.97181	6.9956	6.61602	3.08204	3.96811	7.13133	5.378	6.35245	4.2909	9.05076	0.537373	9.2779	7.0791	5.81406	4.75611	3.32132	4.32704	
7.9667	6.55256	8.12733	9.92014	7.18994	9.73916	9.47224	9.17708	3.8339	4.23594	0.843765	8.48231	5.7515	7.24885	7.16534	3.40392	3.1452	1.64877	3.21352	3.59674	4.59517	3.80991	3.46374	7.21788	7.63298	2.31165	6.75328	2.75773	5.50767	9999	7.8586	2.58495	2.16468	8.20355	3.11119	1.71921	3.62012	7.36059	4.72908	0.470872	3.87459	5.04003	2.70155	4.85753	2.19566	6.20335	8.67483	4.8214	8.84154	4.99479	0.284121	3.17253	4.25173	8.9129	4.11023	6.7718	1.56647	1.74594	4.13634	3.89645	1.34662	1.0542	4.37441	6.4569	0.496683	2.79963	2.19474	1.90262	3.45797	8.70368	2.01771	2.94266	8.62655	8.54092	5.0045	0.111035	7.61597	3.4938	4.91067	5.30634	0.164176	2.47684	5.33367	1.28771	2.60833	7.90779	8.91958	5.1539	2.97272	2.42795	3.71092	1.08669	9.7513	2.81208	6.65185	0.137454	8.12187	3.50625	0.37947	2.23786	
1.72347	1.09884	0.7056	8.57098	4.44395	9.02283	2.99094	1.36029	5.07313	7.3861	6.47361	8.09393	2.47988	7.40159	3.63166	5.45574	1.67822	1.77205	3.62771	0.895083	2.36722	2.86522	1.19176	2.80146	2.24637	8.08239	5.42355	0.475123	8.66724	7.8586	9999	0.52796	5.38742	2.42036	8.76229	5.06493	1.9424	3.42092	0.125307	9.50169	8.99823	3.57609	6.83891	3.13305	0.255274	3.29551	9.41394	4.6893	3.91103	8.10851	4.47978	9.49593	3.71547	3.35503	2.36358	2.96148	9.20441	8.41581	4.93861	3.39329	8.10061	6.82069	7.59532	2.6062	6.42168	1.29531	4.49344	6.13563	8.59709	9.98269	1.14196	1.71375	3.81932	4.1494	3.52356	8.07176	9.94413	1.61536	7.7013	2.87889	2.3566	7.76264	8.88193	1.27648	7.97156	8.4152	4.1242	4.22349	2.73313	4.94681	7.65788	8.5066	2.23301	7.35391	3.25634	6.58596	3.71517	5.50463	1.88623	8.92565	
2.03259	8.17835	2.81087	5.87145	5.5356	3.69604	1.64755	5.98259	4.0668	3.25452	9.36596	5.01938	4.63252	2.3903	2.26034	7.38701	6.86836	8.74285	9.33013	4.6307	6.25163	8.45711	7.78997	6.53312	0.244342	9.20411	9.47224	5.50949	6.74629	2.58495	0.52796	9999	9.87975	3.45098	9.66446	7.03173	1.70919	7.66243	4.70084	9.34744	1.17961	4.31823	6.46207	8.52938	1.52761	5.57174	7.87803	2.2986	5.43357	0.917858	3.07718	5.99899	8.49992	3.0292	0.377345	9.9001	9.1783	4.29364	4.66349	8.42735	1.92449	3.56546	8.02682	4.6146	4.88911	8.91776	2.656	7.50028	9.26818	6.75237	5.09651	5.36889	1.12404	2.05931	6.36945	2.20871	2.50478	0.7803	6.22187	0.787892	4.06194	9.21929	6.19181	9.7677	4.65378	1.05268	0.367628	8.00283	0.28321	6.48484	7.67033	3.15704	8.50509	5.44967	5.43722	8.32411	0.497594	8.25335	7.14196	4.1333	
4.86026	4.59578	6.07156	6.31844	0.452652	3.65777	8.08027	1.15623	7.69219	1.39764	7.90111	5.98745	0.945491	7.01716	7.75201	3.97297	3.18953	4.28271	1.17597	7.40341	0.737788	8.55063	4.40478	0.235839	5.88937	0.906926	5.09135	3.63561	0.557718	2.16468	5.38742	9.87975	9999	6.04423	5.56111	4.72271	8.53697	4.91128	1.97277	8.40731	3.35351	9.16767	4.13786	4.00334	8.91229	9.64077	8.50509	0.84832	6.12531	1.9922	8.91169	0.33301	7.28772	4.41996	9.4024	8.44101	4.77069	3.86001	2.78415	1.82489	9.36839	1.40098	9.75829	0.707726	6.96037	4.23473	9.78531	8.87828	5.44511	5.49856	7.77327	3.92014	0.616628	8.29374	8.04778	6.59871	3.08113	5.87661	0.390098	4.58849	4.63647	4.16185	8.20446	8.21479	6.31874	8.48201	5.09985	3.45038	6.42958	1.04175	8.64993	0.233714	1.10339	0.168427	8.36328	1.05025	5.17911	8.88527	6.77575	8.24607	
5.29966	7.86588	5.84139	7.13255	6.29171	2.98578	7.22182	6.46541	3.60251	9.78228	4.91857	6.19636	9.61648	2.02287	6.18483	1.78329	0.447794	7.1122	3.94261	9.26393	0.66157	6.61147	2.64052	0.777264	0.353052	3.91862	5.93279	0.931523	7.88289	8.20355	2.42036	3.45098	6.04423	9999	6.62878	3.61769	9.80444	4.46338	1.61901	9.35958	6.46905	4.76947	3.54724	4.15122	2.96999	5.41384	3.98208	7.65727	1.98431	7.38975	7.70251	7.13741	2.11093	9.38539	0.362769	5.95101	7.83309	8.99398	0.827671	7.09216	5.52771	6.27744	6.95399	7.93967	5.33822	8.7471	6.76573	7.77327	4.93952	2.00435	3.09783	4.73971	4.86452	4.51318	4.7552	3.71851	1.06969	1.58743	1.90961	1.82155	4.81016	6.42107	8.13796	2.82787	5.54957	3.44218	7.71648	7.38641	6.57381	1.92024	9.98178	0.438076	9.24176	4.85723	9.56668	2.08968	5.8836	1.68642	4.57543	4.39293	
1.22941	8.39546	7.31474	5.89635	6.77635	9.61071	1.91386	8.96847	4.52503	1.48509	8.14312	6.46632	7.83309	2.62533	3.5685	6.79306	9.19287	8.38818	0.461155	0.872613	0.558933	4.88334	6.39374	0.502452	6.54648	6.37401	2.35265	4.61218	6.6804	3.11119	8.76229	9.66446	5.56111	6.62878	9999	6.53282	8.72038	0.858037	9.50777	0.302341	7.16382	5.19125	1.65605	5.94342	1.63419	5.18518	8.64629	2.94478	9.20745	8.36571	5.7679	7.15866	2.9296	8.90409	6.89539	2.71734	7.86528	4.19768	6.04575	4.1743	5.46971	9.36626	4.77706	0.426841	3.55635	2.81998	7.57862	4.61643	7.24976	9.67144	1.735	1.35513	9.39056	7.38458	2.81512	5.52558	4.43818	9.69118	3.17131	4.10506	5.03365	3.21868	4.09595	5.21069	5.56627	3.30614	8.82423	5.61455	1.26585	2.95116	7.77813	1.42467	7.15532	1.76841	2.39	2.43828	6.28473	8.30376	9.35503	5.70353	
4.37775	7.08912	6.75935	7.84615	6.87474	3.98724	3.66324	8.23695	3.78319	4.38929	4.67382	7.08214	3.74827	2.15102	5.73116	8.52543	9.3198	6.10496	3.13062	6.01903	8.13432	5.58905	7.17263	4.15335	2.59102	2.60408	5.76183	0.562577	1.73865	1.71921	5.06493	7.03173	4.72271	3.61769	6.53282	9999	0.44172	3.5773	2.0915	8.20082	3.19895	7.95577	9.87064	4.22956	9.19621	0.426234	3.03497	7.61415	8.37056	1.52275	3.67356	4.50893	9.38236	9.27061	0.416213	6.26924	1.64573	9.8588	7.22121	8.67149	9.26514	1.15684	4.017	7.04236	7.08518	2.02287	9.52083	2.93628	1.40705	5.43175	4.19586	2.67027	5.78096	7.56799	3.4194	3.04924	5.46394	1.25856	8.77474	4.3984	9.12485	6.19515	8.18564	6.43504	2.76836	4.41176	1.56526	7.19146	3.96447	2.7301	3.7844	0.322686	1.51121	1.08214	1.6436	0.967658	8.45711	8.81634	5.69715	5.93704	
9.40422	0.828278	3.06503	6.66613	9.38114	8.29738	0.18027	7.87439	1.44319	0.766332	4.4895	3.53753	8.77686	0.620272	4.69416	1.37061	0.315094	0.387365	3.38236	1.70373	9.46769	3.72731	1.18994	8.8716	5.52133	3.3529	4.24748	5.66344	5.28296	3.62012	1.9424	1.70919	8.53697	9.80444	8.72038	0.44172	9999	3.66749	7.30867	4.4652	7.95121	9.76345	0.976464	1.68369	9.50777	3.01037	5.27203	3.82509	6.83952	2.48869	4.29516	9.19105	8.95146	4.27633	5.21221	5.11169	2.49446	8.46713	3.21625	4.65165	7.06756	3.768	4.11174	9.95445	2.349	8.23604	7.81457	3.27972	1.00713	1.0542	0.348193	2.11427	8.98456	3.10937	6.8796	0.808237	7.80819	1.96366	4.61703	4.26995	8.97394	8.84154	6.82494	6.02146	6.59871	2.91867	7.32142	6.69558	7.74776	0.784855	7.16139	4.87909	6.42229	6.36854	1.93026	6.63242	1.02505	9.54421	2.08998	5.48762	
3.97905	3.52325	6.55225	2.9964	5.9091	7.13741	3.23022	8.07693	2.70094	4.85358	7.77843	6.54679	7.53095	5.96376	1.39764	8.10334	5.99048	4.41571	8.11944	3.77742	9.64108	3.31494	7.29318	9.57791	3.3031	7.22941	7.56162	4.54173	4.95318	7.36059	3.42092	7.66243	4.91128	4.46338	0.858037	3.5773	3.66749	9999	0.878079	7.61172	4.60884	9.10785	2.2163	8.91897	8.21631	4.71178	8.58282	2.7635	0.462673	9.09206	6.39253	4.09717	8.92869	5.78248	0.449008	7.91963	5.45544	4.75429	0.273797	1.68551	4.50073	7.29683	2.33534	9.9089	5.19004	2.00891	8.28858	0.887796	8.70884	3.41211	4.91128	7.84311	9.36566	0.4068	5.54775	5.82681	1.91841	5.18518	9.09418	6.16084	2.99458	0.17116	6.1912	9.25634	9.7923	3.4528	8.05354	8.91351	3.34804	0.524923	8.70216	7.37183	9.11301	2.60802	5.28387	5.3443	3.71031	9.21413	7.13801	5.91184	
6.21398	9.45432	5.32881	0.316916	1.65119	8.26277	7.66243	0.966747	9.91346	2.3985	2.19626	3.81021	8.18473	7.03204	5.64917	9.33863	0.582011	0.0988891	1.0378	7.44987	1.37547	3.41545	8.28493	1.13589	6.16964	9.1367	1.20482	1.17749	0.876864	4.72908	0.125307	4.70084	1.97277	1.61901	9.50777	2.0915	7.30867	0.878079	9999	8.97788	5.86963	9.04742	6.46359	2.95997	3.52325	8.58373	7.60413	8.86097	1.79422	3.18407	3.26697	1.56556	1.98704	7.0703	0.855	2.69426	1.7848	3.74189	5.79554	3.80019	7.99251	3.51414	9.38266	9.06777	9.19014	2.42401	3.8421	6.27744	4.37562	2.02591	3.79442	8.14616	9.54846	5.80677	8.49962	2.65266	8.96574	2.48444	3.45797	4.20922	1.87712	1.17445	5.40442	4.49557	2.0168	9.28458	0.515813	4.85541	1.35422	8.17531	8.72281	8.6803	4.13938	6.4982	4.54324	6.42745	3.44278	7.34298	6.93061	0.84498	
1.84371	7.57893	7.01078	1.14257	1.36393	7.61324	4.33797	4.60307	9.04803	6.98406	3.44066	8.0663	4.64406	8.90561	9.76466	4.64376	4.82291	9.93289	4.69781	0.0955489	0.253452	9.17951	1.07819	5.27689	5.91821	1.41404	4.84933	8.60013	5.50007	0.470872	9.50169	9.34744	8.40731	9.35958	0.302341	8.20082	4.4652	7.61172	8.97788	9999	6.22066	8.90986	8.85126	5.55595	8.96149	4.18979	9.33802	4.86937	0.0912976	9.81538	7.78177	6.97221	0.646387	9.9669	4.30669	9.22172	0.486358	4.69386	5.29723	7.68824	0.560147	8.74346	8.26246	8.97333	8.54851	1.19601	4.91492	7.29683	9.34045	0.356392	6.49851	4.28392	6.42411	5.50159	0.883241	4.59122	6.39405	9.7762	4.67625	5.10441	2.85672	4.94529	0.453563	0.400423	1.0873	3.19135	1.96791	2.29799	0.420161	6.61299	7.59289	6.6476	5.57538	9.31616	5.24257	4.68111	3.79928	2.55488	7.94423	1.92267	
2.93112	5.48155	5.3777	0.961585	8.67848	9.42305	6.37097	4.15213	2.0669	6.22582	9.38205	7.17506	7.71648	3.00734	1.66516	5.8918	4.22288	3.84544	0.234321	5.66678	4.95592	0.543446	8.70368	2.74862	5.60605	9.27972	9.42457	8.19384	8.22177	3.87459	8.99823	1.17961	3.35351	6.46905	7.16382	3.19895	7.95121	4.60884	5.86963	6.22066	9999	8.8798	8.11094	4.69538	2.68181	9.40969	0.918162	4.77828	2.72736	1.95607	4.82534	0.473605	7.86862	6.2161	3.59886	6.43899	1.63692	4.0085	0.809452	0.693757	9.14702	7.64148	0.0606281	5.08315	1.23093	0.495772	0.392528	0.802467	4.82413	5.1208	7.17627	6.41409	4.49405	1.78177	4.08138	3.98208	1.09398	2.49931	5.83137	0.958548	1.48327	3.53024	7.97702	2.99975	6.79032	1.92206	3.15461	6.23857	2.0165	8.04292	9.41181	3.10056	4.5065	0.920287	1.4611	0.73384	4.92768	7.04084	8.85217	6.34303	
6.01994	9.38479	2.71673	7.8671	0.895387	5.16332	2.94326	7.47659	7.95334	0.304163	8.35417	9.00005	3.28458	1.53064	2.87889	3.4938	6.32238	4.19343	8.41338	0.215191	2.16954	4.50225	3.39723	7.30776	2.48717	0.974946	6.65307	6.74933	3.77985	5.04003	3.57609	4.31823	9.16767	4.76947	5.19125	7.95577	9.76345	9.10785	9.04742	8.90986	8.8798	9999	7.53884	0.68981	3.26575	8.34324	3.39177	5.49036	8.07328	7.13103	3.6432	5.66344	2.61653	4.98385	6.41925	6.87261	4.59973	8.88557	4.5147	4.42634	2.54669	5.53925	6.86654	9.64593	2.31773	2.16499	1.98279	1.62721	8.89256	2.79751	5.419	4.95318	8.40366	3.72488	0.0791513	1.38215	0.48484	7.13649	0.989522	5.42295	6.62149	7.27405	3.5685	1.87074	5.05552	7.84857	7.23792	5.56263	6.49243	5.12232	2.75439	1.12829	2.26276	5.36343	5.65646	3.09661	9.12789	1.12556	4.29941	4.08047	
2.1829	6.89751	0.473908	2.94296	5.58388	7.19905	3.98239	5.98411	2.6557	4.98932	7.66608	6.20305	1.09307	9.05592	4.9963	3.7097	3.5521	4.37745	1.27435	2.89164	5.20735	1.64391	5.02242	7.30715	0.994987	7.17627	3.69178	4.43423	9.62407	2.70155	6.83891	6.46207	4.13786	3.54724	1.65605	9.87064	0.976464	2.2163	6.46359	8.85126	8.11094	7.53884	9999	2.08816	4.91189	4.37897	1.64968	9.13518	4.97019	8.56643	0.971606	0.0991928	1.48449	3.70272	4.72089	2.74072	7.80485	3.12667	6.73931	8.58313	5.8338	7.63389	0.953386	2.1328	8.8628	2.28918	2.12642	4.34617	2.06994	1.84797	0.397993	6.27076	3.53115	3.29612	5.39592	2.13583	6.0005	7.52336	2.36965	7.76507	2.51207	8.43889	5.98107	4.9292	5.31393	2.08877	4.3483	5.97561	2.47806	3.64198	8.83395	0.239483	0.5064	5.3941	2.17167	6.42988	7.72013	2.96634	0.417124	2.44405	
8.53484	5.40139	2.27096	9.97874	0.912088	0.298697	7.40948	6.50701	5.26413	8.84792	5.57174	1.19206	2.79751	6.12804	7.67913	7.93815	2.92444	3.461	9.983	0.442631	0.76117	9.37598	2.40731	7.20117	2.58555	7.99646	6.51885	0.61511	8.44982	4.85753	3.13305	8.52938	4.00334	4.15122	5.94342	4.22956	1.68369	8.91897	2.95997	5.55595	4.69538	0.68981	2.08816	9999	7.2534	2.94448	1.42618	6.5562	3.29156	9.78106	5.48914	1.82823	0.323293	4.70995	0.22673	7.54097	8.99489	4.05223	5.83046	9.39967	7.98735	0.698009	3.09266	2.54972	5.25927	5.50524	9.46951	8.42037	8.66937	2.34779	6.21732	1.02019	9.51961	3.69968	1.74594	1.7095	7.94423	0.592335	3.88066	9.42305	4.57847	3.77772	7.07303	5.46242	7.32628	9.73976	6.05759	8.29101	7.52245	8.77929	2.68941	9.48985	4.15274	8.12247	7.51607	5.11686	0.574723	8.1747	2.80783	3.37446	
6.3898	5.50949	4.06863	7.5853	2.13189	8.02136	6.2322	7.06088	0.712888	2.52786	6.0749	7.8586	2.10577	3.49714	8.02622	3.92348	1.80485	2.3241	8.00374	2.8801	9.10876	4.60064	0.959156	9.45068	8.29435	2.68607	1.53003	2.16924	6.03664	2.19566	0.255274	1.52761	8.91229	2.96999	1.63419	9.19621	9.50777	8.21631	3.52325	8.96149	2.68181	3.26575	4.91189	7.2534	9999	2.66056	4.36682	7.91356	3.92196	2.49537	2.47047	4.7057	8.84913	6.40893	0.429574	3.28458	0.939418	1.92297	4.17916	5.7099	8.94084	1.99069	0.654282	8.62169	6.42168	1.41161	5.20947	1.52609	2.73435	3.69482	7.14591	2.10243	3.01068	3.0122	0.225819	5.71112	6.65641	9.85576	1.46414	9.85728	9.83177	5.04519	6.27775	0.738395	2.2743	0.249504	2.18655	2.93385	3.55423	0.11802	9.04408	9.71001	9.71942	4.38443	9.28913	4.45306	4.87029	4.23898	4.85024	0.155977	
2.56885	7.61233	4.89488	6.93244	5.62427	5.18457	0.714406	3.38023	9.80687	2.85824	2.03957	4.4397	6.5562	7.5188	9.62225	4.64193	9.09449	7.45746	8.31074	9.63166	6.82828	0.565006	5.89331	7.00926	8.98699	5.18093	5.27749	9.52538	6.14323	6.20335	3.29551	5.57174	9.64077	5.41384	5.18518	0.426234	3.01037	4.71178	8.58373	4.18979	9.40969	8.34324	4.37897	2.94448	2.66056	9999	8.12278	1.88441	4.49527	8.96027	2.04383	7.56951	9.10178	7.98826	1.57498	3.21474	7.59593	2.51875	0.0764183	6.0251	1.2865	3.98512	1.75201	2.30467	9.63622	3.94868	6.44506	4.26783	5.54866	0.331188	6.81006	0.0609317	1.87044	7.8088	3.1534	9.99241	8.32623	9.14459	6.3983	9.22749	0.988914	8.22116	4.60944	9.55605	1.61142	2.24697	2.84427	0.784248	0.959763	4.0416	2.31256	4.55418	2.58009	1.53398	8.70337	0.848624	0.742343	5.27263	5.31909	9.83663	
7.94817	1.2862	4.8794	1.89503	2.7225	3.5351	4.55235	2.45771	5.29389	1.66516	6.6971	5.43205	3.83724	6.98527	7.97459	7.32507	5.59026	1.77053	7.9339	3.9092	6.5972	1.83187	6.51673	5.93491	9.6514	9.43125	5.04519	9.44704	7.51121	8.67483	9.41394	7.87803	8.50509	3.98208	8.64629	3.03497	5.27203	8.58282	7.60413	9.33802	0.918162	3.39177	1.64968	1.42618	4.36682	8.12278	9999	9.78653	1.43195	0.778175	9.71031	8.36783	0.918769	7.31747	3.01979	5.378	2.05354	9.7097	1.71557	1.48783	7.69006	9.67964	4.59153	3.33286	3.79381	6.83253	5.99716	3.59613	0.543142	0.976464	0.0609317	4.40872	3.17222	6.20365	9.34197	7.26282	3.67174	2.41399	2.65023	7.06787	9.8175	3.69482	9.55696	3.09175	3.63743	0.0879574	7.78177	4.71542	4.9957	1.90931	0.427752	4.94499	3.04529	2.85672	8.50782	9.05957	0.883848	1.51242	7.67154	1.78693	
6.18847	3.50169	8.80328	5.10744	6.08978	0.885063	6.49911	0.651852	7.83187	9.94716	5.42477	3.34804	1.45169	9.06564	5.16241	7.4936	4.86603	9.72215	1.75171	1.34116	9.04894	4.44668	1.31413	5.8587	4.96381	2.41915	5.82347	3.41029	2.75074	4.8214	4.6893	2.2986	0.84832	7.65727	2.94478	7.61415	3.82509	2.7635	8.86097	4.86937	4.77828	5.49036	9.13518	6.5562	7.91356	1.88441	9.78653	9999	5.81376	6.93365	2.23574	0.089172	1.58591	8.73344	6.72989	5.29632	3.68662	6.49699	8.64507	1.67093	5.19125	9.28579	1.0126	4.19616	3.79169	0.570776	9.24814	4.16337	7.08032	8.20629	1.87803	4.40569	7.68915	6.12258	7.59654	2.70337	4.47037	6.26196	9.86153	5.75727	1.61749	7.72924	1.17961	1.90627	2.20902	2.47776	7.0952	4.83415	7.68126	3.01432	4.31854	6.89053	9.85637	2.8801	0.724731	4.02672	6.93244	4.55144	2.65054	0.615413	
4.82504	3.06169	6.32451	5.45361	4.61339	1.58105	9.46131	6.86168	5.58085	3.48135	5.04944	3.04803	1.05208	0.642439	6.98983	8.6642	3.70363	7.82671	4.54932	1.64573	0.0663976	0.945795	2.56369	6.94276	5.53226	7.78815	8.39	5.52437	0.80763	8.84154	3.91103	5.43357	6.12531	1.98431	9.20745	8.37056	6.83952	0.462673	1.79422	0.0912976	2.72736	8.07328	4.97019	3.29156	3.92196	4.49527	1.43195	5.81376	9999	0.215494	5.61182	7.86619	6.90723	2.9964	8.18867	8.36054	7.04266	8.40488	2.21357	2.00708	9.87337	7.34177	7.38914	7.20482	1.3117	3.32375	5.02697	9.90587	9.95992	5.8921	3.8424	6.27957	5.23893	9.11331	1.21362	0.776656	8.9211	6.48363	4.39476	3.43155	9.93198	8.95845	2.54365	5.57781	3.62923	7.96639	4.29607	7.66365	4.12328	9.33772	1.90414	8.68546	2.59375	0.397386	6.51764	1.08335	8.72433	6.01174	5.67529	9.96508	
3.94443	3.57791	7.68278	6.83709	0.36034	6.92818	0.747809	9.71638	4.54051	4.60003	1.60595	0.39526	8.14221	9.81143	6.48211	5.71476	3.95597	8.51905	2.23604	8.81634	6.02237	2.27977	0.530389	3.37264	4.56268	9.15947	5.37466	7.32628	5.41809	4.99479	8.10851	0.917858	1.9922	7.38975	8.36571	1.52275	2.48869	9.09206	3.18407	9.81538	1.95607	7.13103	8.56643	9.78106	2.49537	8.96027	0.778175	6.93365	0.215494	9999	8.89924	6.27957	7.48783	1.59714	8.14586	1.01138	2.67513	8.48747	9.35928	3.6429	8.9457	7.44471	7.24004	0.964014	8.97394	7.3858	9.69361	9.57123	6.166	2.6809	4.90824	6.71684	9.47588	0.0578951	6.27046	5.76912	2.29981	3.69998	3.77954	4.20193	5.22192	7.36363	3.86973	4.67807	9.03558	7.50149	6.2073	6.29931	7.20907	6.61207	9.81295	7.38185	3.72822	0.90389	6.53434	6.38646	6.57837	1.09702	4.46369	2.5558	
